1938
1241
2514
1388
2488
1873
2488
251
309
565
157
1407
38
1409
3
567
1396
2527
2238
1965
1966
88
1399
2239
2701
1444
344
2108
2109
2564
1154
1155
2125
2107
1972
1429
1978
1426
2390
1971
215
1971
1440
240
1440
1441
1440
1971
2390
1426
1978
1429
1979
1813
1809
172
2243
1808
2341
1808
2529
1807
1806
365
1992
938
2242
938
1992
365
1432
365
1806
1807
1804
1967
1439
239
1431
1989
2528
1981
2528
1989
1431
239
1439
1967
89
420
748
1968
1424
1968
2241
238
1970
268
1970
238
2241
1968
1980
1968
748
420
89
1967
1804
252
274
312
1805
312
274
2659
1495
1425
1969
1425
1495
2659
274
252
1804
1807
2335
1807
2529
1808
2243
172
1809
1813
1979
1429
1972
2107
2125
1155
2271
2113
2271
2655
2662
1174
2270
2269
69
787
378
884
378
2507
378
787
69
2269
2123
2122
2259
2479
786
1173
1172
2111
16
2258
776
1171
776
2258
16
2112
16
2111
1172
1173
786
2479
2259
17
2110
1170
2478
1170
2110
2563
2015
2563
847
2563
2110
17
2259
2122
897
2122
2123
160
2123
2269
2270
1161
2270
2124
2270
1174
948
1174
2662
2655
2271
1155
1154
2564
2109
2562
1156
2100
158
2101
14
2257
1158
2103
1144
2627
784
377
1182
503
1182
377
784
2476
2102
2476
784
788
784
2627
1144
2103
1158
2257
1159
1160
1159
2257
14
2101
158
2100
2640
2100
1156
1157
159
783
2506
1153
2106
247
1152
846
2104
846
1152
2477
1152
896
2265
896
2017
1162
2017
896
1152
247
2106
1153
2506
204
2506
783
159
1157
1156
2562
2109
2108
2557
2108
344
1444
2364
313
2364
1445
406
1988
2586
1988
406
1445
2364
1444
2701
2239
1399
569
1399
88
1966
568
747
1896
747
568
1966
1965
2238
2527
1396
2516
1396
2234
1397
1398
1408
1398
1397
2234
1396
567
3
1409
38
1407
157
565
309
349
1877
921
273
1406
2515
566
2233
1385
1870
1385
2233
566
2515
1406
1876
1387
1876
1406
273
921
1877
349
309
251
2488
2653
1386
2653
2488
1388
746
876
187
876
746
1388
2514
1241
1938
700
1250
1946
977
1946
1250
1945
1250
700
2148
1940
549
133
549
1940
2148
1939
1243
1251
1950
702
550
1660
875
1660
550
702
1950
1251
548
2147
548
1235
1952
551
1252
715
1274
715
1252
551
128
1884
2670
1892
1890
1284
716
2594
2362
1269
2362
2594
716
1284
1890
1893
718
918
1895
1908
418
822
2374
1909
719
1287
1566
195
2396
1557
2396
195
1566
66
1564
220
2237
218
473
382
2592
62
105
62
2665
63
219
1563
104
472
103
1555
60
958
61
958
60
1555
1556
1551
957
1106
614
1106
1550
1484
1550
392
1103
1597
605
888
864
888
108
1100
1097
447
288
447
1089
388
1089
1090
277
595
1066
595
277
1090
1089
447
1097
814
1098
1094
1095
976
1095
1094
1098
2611
805
1087
2603
1519
2530
2348
2218
594
2217
1462
1064
460
593
1538
593
1062
593
460
1064
1462
2217
1541
2219
2633
2646
2633
1544
1543
1544
2633
2219
1541
2217
594
2218
2437
1537
810
1536
2215
99
2215
591
1059
1532
1533
459
2436
1535
592
1535
2436
459
1533
1532
2347
590
2347
1532
1059
591
1053
446
949
446
1053
1046
1526
1046
322
809
181
612
2346
1527
2346
612
181
2597
609
151
610
151
609
608
98
458
1559
1577
1499
1510
2350
1517
422
30
1082
30
939
599
939
1083
386
1685
386
1083
939
30
422
1517
1084
107
600
107
1084
1517
2350
1510
1499
1577
1559
458
321
1534
1060
1063
1060
1534
321
458
98
608
286
1068
46
2187
46
2632
46
1068
2434
863
2434
1068
286
323
286
608
609
2597
457
808
285
1080
1504
1080
285
808
1498
808
457
2213
886
284
886
1030
194
2212
1512
464
1518
1516
2349
2620
1514
1525
1071
812
1071
462
596
2401
1515
431
1515
2401
596
97
596
462
2224
1524
1523
1070
1523
1522
937
1522
109
1054
1659
1054
109
2174
1656
2618
2539
2618
1656
2174
481
1657
481
2174
109
1658
31
628
417
1047
1655
1651
102
57
954
479
2209
100
1547
627
2612
2487
2612
2201
2612
627
1547
1546
1050
478
1545
1038
2540
2022
749
2023
571
397
371
1475
751
2388
2016
2012
2016
2388
269
1481
269
2388
751
1475
1476
1475
371
397
571
39
253
883
275
370
2013
570
1465
570
2013
316
2013
370
275
883
253
372
369
372
1996
2000
398
2387
296
762
841
762
296
2387
1478
2387
398
2000
2020
2074
2020
2029
1202
2538
1206
2689
1212
2689
1206
2439
573
400
270
1213
23
1213
40
2541
276
1994
276
2541
40
401
572
439
1205
1215
135
1215
1991
1215
1205
439
572
401
40
1213
270
400
573
2439
1993
24
1993
1214
1993
2439
1206
2538
399
1203
2588
1203
73
1995
1982
7
25
2252
25
753
2672
1216
136
1218
136
1216
752
2389
6
366
2398
1990
2398
2235
297
2235
1479
384
2254
93
150
2709
1999
707
126
1369
705
1839
513
854
1821
1373
179
855
1390
1865
517
516
1664
850
111
13
1194
1177
1194
13
111
850
1664
516
517
1865
1390
855
179
1373
1821
854
513
1839
705
1369
1842
1369
126
707
1999
1845
1371
1845
1999
2709
804
92
2568
926
1814
880
2569
898
2599
852
2599
898
2569
880
1814
1148
1810
2288
1132
729
5
1418
1415
1417
2295
451
2583
1412
1410
2383
1410
1412
2583
451
2295
1417
1415
1418
5
729
1132
2288
1810
1148
1814
842
694
48
1133
690
1897
1898
1897
690
1133
48
694
842
1814
926
2568
188
505
1146
505
188
2568
92
804
2709
150
93
2254
384
586
2574
586
384
1479
94
1482
2573
2082
951
587
2086
1488
2086
587
951
2082
2573
1482
94
1479
2235
2398
366
6
2389
752
1216
2672
753
1217
2336
1217
753
25
7
1982
2542
137
1219
137
754
137
2542
2589
2542
1982
1995
2005
806
2005
1995
73
1204
73
1203
1201
1203
399
2538
1202
2029
2020
1184
2126
2272
1185
182
1183
295
2070
440
1186
798
1223
75
755
1997
2156
26
1998
26
2156
2158
2156
1997
755
75
1223
798
1186
440
2070
295
840
2067
146
2067
761
2069
2429
2066
2021
1180
2021
2066
791
496
791
2066
2429
2069
761
2067
840
295
1183
182
1185
2272
2565
2415
800
2025
2273
2078
2273
1192
2273
2025
2026
12
2026
2025
800
2415
2565
2272
2126
2430
849
294
849
2430
2126
1184
2020
2000
1996
372
253
39
571
421
2024
1477
2028
877
750
877
2028
1477
2027
1477
2024
421
571
2023
749
2022
2537
2022
2540
2207
1061
2208
1645
2208
1061
2207
2540
1038
1545
478
1050
1546
2359
625
2359
1546
1547
100
2420
100
2209
479
954
57
102
55
102
1651
480
225
2418
1052
2210
1653
56
1653
2210
1654
2210
1052
2418
225
1652
1051
1652
101
43
191
893
191
43
101
1652
225
480
1651
1655
1047
417
628
1069
2634
1513
2634
1069
628
31
1658
109
1522
1523
1524
2224
462
1071
1525
887
1525
1514
1072
96
1074
597
1074
96
1072
1514
2620
463
2620
2349
1516
1518
283
1081
283
456
58
456
283
1518
464
1512
2332
1512
2212
194
1030
1057
1528
2367
385
1031
624
1025
1608
621
1608
1613
1627
2486
1028
1635
1028
2486
1627
1613
1634
2202
1029
1640
1029
2202
1634
1613
1608
865
2204
1033
2204
865
1608
1025
2485
2483
1571
2199
620
1024
1616
1024
281
1024
620
2199
1614
1023
334
41
1605
618
2197
1044
1016
1636
487
891
638
1015
638
891
487
1626
1625
1626
2195
2275
1014
1623
1014
335
1624
828
636
279
2621
1011
177
1011
2621
279
636
2608
486
485
2534
1610
2534
485
2666
827
2192
827
2666
485
486
2608
636
828
1624
2194
1039
2196
2416
2196
1039
1041
1040
1041
2669
2671
2669
1041
1039
2194
1624
1013
1622
1013
2193
637
826
1612
122
2253
122
1612
826
637
2193
1013
1624
335
1014
2275
2648
2275
2195
1626
487
1636
1637
616
1017
1638
1017
616
1637
1636
1016
1044
2197
618
1604
617
415
1592
2482
1603
1018
332
1018
1603
2482
1592
1020
1644
1602
1644
1020
1598
1020
1592
415
1019
415
617
1604
618
1605
41
1606
619
2623
869
1037
2393
1037
869
2623
619
1606
41
334
1615
953
2688
2200
1617
2200
1619
1618
1609
1026
1609
1618
416
488
416
1618
1619
2200
2688
953
1022
1643
2484
1643
1022
953
1615
489
1615
334
1023
1614
280
1614
2199
1571
1599
1021
2203
1021
1599
2198
1599
1571
2483
2485
1025
475
1025
624
171
282
2205
1035
2205
282
1034
282
171
624
1031
1032
1031
385
477
1036
477
385
2367
1528
1057
1030
1049
885
598
1511
813
843
1073
2403
1073
843
813
1511
598
1079
1048
1079
598
885
1049
1030
886
2213
457
2597
181
1045
611
1056
611
1045
181
809
322
1046
1053
591
2215
1531
2215
1536
287
1536
810
1537
2437
2218
1539
2342
2519
1065
2438
1065
2519
2216
613
2216
2214
2421
2225
2421
2214
1530
1058
1529
2435
1529
1058
1530
2214
2216
2519
2342
1539
2218
2348
1540
2348
2530
2616
2530
1519
1520
47
1520
1519
2603
1087
1088
167
466
167
1067
2220
461
1542
811
1542
461
2220
1067
167
1088
1521
1088
1087
805
2611
1093
2611
1098
814
387
2423
169
603
2227
1594
2227
603
169
2423
602
2520
1099
1085
1570
2593
328
221
981
982
1588
986
985
986
178
224
984
224
178
2358
1558
2414
2186
330
2186
2414
1558
198
223
1505
199
1590
1713
2329
540
1404
1714
432
1708
1401
229
2500
2444
2492
1321
1320
1785
1784
911
305
969
669
1318
1789
2327
1789
1318
669
1322
669
969
305
911
1784
2309
1301
1787
2467
1326
1208
2306
2325
342
1356
1442
2706
2571
2282
2619
362
1128
1899
1128
362
2619
2282
2571
2706
1442
1356
342
2325
2306
1208
1326
2493
1326
2467
526
2467
1787
2324
1787
1301
2309
1784
2645
1784
1785
1786
1785
1320
1321
2492
2444
2500
229
1401
1708
432
1712
2501
1954
2328
2446
2076
10
1221
2548
923
1343
1238
1343
1344
1343
923
2703
837
1350
924
2033
2425
1230
583
1230
1231
1230
2425
2033
924
1350
837
2703
2549
2703
923
2548
1221
10
2076
374
2076
2446
2328
1954
2501
1712
36
1712
432
1714
230
115
1719
1717
793
1717
1719
115
1405
862
1405
973
1405
115
1403
115
230
1714
1404
540
2329
1715
2329
231
2329
1713
1590
199
331
329
331
199
1505
223
198
1558
2358
178
986
1588
982
981
221
2176
196
2176
2184
816
2184
2176
221
328
2409
983
222
1589
2357
2230
2357
1589
222
983
2409
328
2593
1570
2531
959
1575
623
11
1633
1628
1632
2532
1632
1628
1633
11
623
622
42
1027
2162
2356
1574
2356
2162
980
2162
1027
1642
1043
2368
1620
414
1621
1012
1800
1012
1621
414
1620
2368
1043
1642
1027
1631
1641
2206
1042
2206
1641
1631
1027
42
622
892
2480
892
622
623
1575
959
2531
1570
1085
1582
1085
1099
2520
602
2226
2647
2228
2591
2228
2647
2226
602
2423
1086
465
2422
2351
1583
2351
601
1585
601
2351
2422
465
1086
2423
387
1584
387
814
467
814
1097
1100
468
333
389
1096
168
1096
389
333
2424
1101
2424
333
468
1100
108
888
605
1597
1595
604
1102
1586
1102
604
1595
1597
606
289
1548
289
606
607
2431
1587
1549
1104
1549
1587
2431
607
606
1597
469
2353
2635
2353
469
815
2236
815
1596
940
1596
815
469
1597
1103
392
1550
1106
957
1551
216
290
470
1553
435
59
435
1553
470
393
470
290
216
1551
1556
1555
103
472
1567
1107
2686
1568
2686
1107
1567
472
104
64
2157
2533
2628
2533
2157
64
2395
2307
2395
65
889
1207
889
65
2395
64
104
1554
448
1554
615
471
1492
1105
1492
471
615
1552
615
1554
217
1554
104
1563
219
63
2665
62
2592
1562
2355
2394
2354
2394
2355
1562
2592
326
2592
382
325
382
473
218
2237
1565
324
1578
324
1565
2237
220
1564
66
1566
1287
1270
1287
719
1894
454
2489
454
1894
719
1909
2374
822
418
1908
1895
1286
1895
918
553
929
553
918
718
1893
1285
1893
1890
717
1889
1885
1254
1885
1889
2154
1889
717
1890
1892
2670
1884
552
52
1886
2153
1888
2153
1886
2524
1887
1283
821
2523
1856
272
1856
2652
1856
2523
2149
2150
353
1942
353
2522
1248
174
1248
2522
1943
701
2402
2676
2151
2676
2402
701
1249
701
1943
2522
353
2150
2149
2523
1941
2523
821
1283
1887
2524
1886
52
552
1884
128
551
1952
1235
1906
1234
2152
1253
703
1253
2152
1234
1906
1235
351
1907
131
1907
235
688
1905
396
175
545
1904
545
175
396
1868
1891
1868
396
1905
688
235
1907
1236
74
300
917
975
391
699
193
699
391
832
1874
1875
1874
832
156
564
156
832
391
975
820
698
1928
547
1927
2521
436
1925
436
2173
724
1330
390
1871
563
1872
563
1871
1381
170
1381
831
745
831
1381
1871
390
1330
724
2173
1222
1935
1933
1935
1331
1934
2376
1934
2232
1934
1331
1935
824
1329
1311
557
1937
1949
2656
829
1333
1948
1333
2222
2223
1853
744
1869
1361
1358
742
1358
1361
1869
744
2490
744
1853
2223
2222
1825
1357
1337
1838
561
1834
561
1838
308
2377
308
1847
2658
346
830
2536
830
346
2658
1847
308
1838
1832
920
1833
155
1833
304
2169
904
237
1831
237
904
2169
554
306
1339
306
2525
1302
555
2170
555
1181
2526
1303
2526
1181
555
1302
2525
306
554
2169
304
303
304
1833
345
741
87
927
87
741
2305
86
562
125
1850
1849
1848
1849
1850
125
562
881
1359
347
2155
232
2513
2229
2513
1724
1721
1473
1721
394
530
1727
2
1470
2352
116
1761
1760
1469
1760
1761
2697
315
338
818
338
91
817
1755
2613
682
1455
1747
528
1729
2231
1729
528
1747
1746
1461
680
1748
2510
2454
1752
1453
1749
2245
1467
1750
2244
2453
1745
2582
1458
1744
1457
1723
495
678
2505
1743
234
1743
1728
1743
2505
678
543
542
2700
314
2708
915
1446
1448
1446
1447
1446
915
2708
314
2452
1742
408
1742
2452
1443
1740
1741
90
1741
1740
677
541
1438
676
1739
676
2451
311
210
1273
858
1773
2499
2322
2499
1773
858
659
2318
1265
652
2673
1781
908
2443
908
1299
908
1781
1703
650
206
2315
629
2315
206
2622
206
650
1703
1781
82
1704
2316
651
208
1698
1281
1698
208
651
2316
1706
2316
2442
2316
1704
82
1781
2673
652
1271
1944
209
2465
1730
1449
1730
2465
209
1944
44
2643
44
1944
1271
1705
965
78
302
2343
2629
2343
302
78
965
1780
965
1705
2466
1705
1271
652
2497
652
1265
1646
1707
1702
1707
2317
1282
207
1700
1699
648
2496
1696
443
647
2601
646
1300
646
2601
2321
1648
2321
2601
647
443
1278
1280
1278
443
1682
2314
2441
1277
2441
2314
1682
113
445
80
867
2313
1276
536
434
1257
165
641
452
641
866
1687
533
2460
533
1687
866
641
165
906
1247
645
1677
645
2311
299
532
299
2311
645
1247
21
964
2606
964
21
1247
906
165
1257
434
2694
2312
1258
2312
1259
1260
1261
534
1261
907
535
2344
1298
2344
1768
1291
211
663
1764
968
860
664
1777
1778
910
1778
666
1778
1777
664
860
968
1764
663
211
1722
211
1275
1292
950
2605
2660
2136
1121
2127
2133
1120
2133
1119
2132
264
2120
2119
1117
2636
2337
2263
2130
2263
1116
2263
2337
2636
1117
2119
2120
2654
242
2117
242
403
2118
2404
2116
2404
2553
2115
2105
1111
870
834
2002
834
76
922
756
138
8
2001
8
1224
2049
2050
2543
2702
2543
2050
945
2051
254
141
2678
1255
2161
2056
2161
1255
2678
2064
2065
2063
2065
2064
2678
2471
2678
141
1263
262
2468
143
758
142
2545
27
764
2470
2062
2470
1268
2061
765
2061
1268
2470
764
2060
1267
2164
768
2546
768
767
28
2010
28
767
2011
83
777
577
2073
1313
2073
577
777
83
941
83
2011
767
768
2164
1267
2060
764
27
2545
142
758
143
301
2469
2544
2059
2008
2159
2058
2159
2008
2059
2544
2160
2544
2469
301
143
2468
262
1263
1264
946
1266
757
1266
946
2057
2399
2057
946
1264
1263
141
254
2051
945
246
2052
2053
2052
246
1227
246
945
2050
2049
2071
2068
2163
2072
1289
2004
2380
1290
2380
2004
2009
2004
1289
2014
1289
2072
2163
2068
1288
2068
2071
2049
1224
1226
2003
1225
2590
2400
2590
1225
2003
1226
367
1226
1224
8
138
756
922
76
834
870
1111
2105
2115
241
2682
2262
1113
2114
1113
2262
2682
241
2115
2553
1114
2553
2404
2118
403
1115
403
242
2654
423
291
423
2654
2120
264
2121
243
2121
264
2132
2131
1118
2405
1118
2131
2132
1119
2133
2127
2135
499
2135
2127
2554
2281
2406
2134
2406
2281
2554
2127
1121
2136
2660
2137
2660
2605
950
1292
1275
211
1291
1768
2344
535
907
2495
907
1261
1260
1259
2312
2694
434
643
9
1674
1246
1674
644
1691
1245
963
1245
1691
644
2340
1692
1279
1694
2308
1695
2308
1694
1279
1692
2340
644
1674
9
643
20
79
905
1688
1244
642
1689
642
212
1686
212
642
1244
1688
905
1690
905
79
20
643
434
536
1276
2313
867
80
445
113
537
113
1682
443
1696
2496
648
1699
868
649
1697
649
1701
81
1295
81
1772
1294
1771
859
1771
2614
1771
1650
1776
660
1296
2624
1649
2624
1296
660
967
909
662
2464
662
909
967
1770
2695
1770
967
660
1776
1650
1293
1650
1771
1294
1772
81
1701
649
868
1699
1700
207
1282
2317
1707
1646
1265
1629
2319
1272
653
1639
2498
1783
665
2320
1951
2625
1951
2320
675
2320
665
1783
1630
1783
2498
1639
653
1272
2319
1629
1265
2318
659
858
1273
1775
1273
1647
117
2330
1437
2330
1731
2330
117
2502
117
1647
1273
210
1774
2463
1774
210
1297
1779
1297
1718
661
1710
186
2323
1720
2323
186
1710
661
1718
1297
210
311
2451
676
1438
541
677
1732
1450
409
1451
1452
1456
2504
1955
2458
1955
2504
1456
410
1456
1452
1451
409
1450
1732
1738
1732
677
1740
1443
2452
314
2700
542
2503
542
543
233
543
678
495
1723
1457
1744
2691
1744
1458
2582
2650
2582
1745
2453
679
2345
1735
1460
1735
2345
679
1459
679
2453
2339
2453
2244
1750
1467
1756
681
1751
681
529
681
1756
1467
1210
1467
2250
685
2249
685
1758
1468
1758
685
2250
1759
1762
1209
1733
1209
1762
1763
1762
1759
2250
1467
2245
1749
1453
1752
2454
2510
1748
680
1461
1746
1747
1455
682
2613
433
1454
433
2613
2246
2247
2675
974
1753
1754
1463
1754
1753
2639
1753
974
683
974
2675
2247
2246
2613
1755
817
2448
2512
2448
817
684
1464
684
817
91
338
315
2697
1761
2511
119
2455
118
2248
118
2455
119
2511
1761
116
1757
395
935
1471
935
395
1757
116
2352
1470
2
1727
530
339
530
1734
2456
531
2378
2607
2240
1852
2240
2607
2378
531
1725
1726
2251
1736
1737
1363
1737
1736
2251
1726
1725
531
2456
1734
530
394
1472
1211
1472
394
1721
1724
2513
232
2155
347
1851
347
1359
127
743
1360
743
127
1359
881
562
86
2305
741
345
1833
920
1832
560
740
559
1830
559
740
560
1832
1838
1337
1357
37
1357
1825
558
738
1336
1824
1336
738
558
1826
1827
438
2304
438
1827
1826
558
1825
2222
931
2222
1333
829
2656
1949
1334
152
1334
1335
2363
153
123
153
2363
1309
455
721
1912
720
1911
739
2370
739
1829
154
1829
1306
1338
1306
1829
739
1911
919
2595
1910
1304
1910
2595
919
1911
720
1912
721
455
1309
930
380
1919
695
1920
916
1921
1923
1922
1923
1921
696
546
696
1921
916
1920
695
1237
695
1919
2145
1929
2146
1930
2146
1929
2145
1919
1233
687
544
1903
1232
2171
1232
1903
544
687
1305
1913
2375
1913
1305
687
1233
1308
1233
1919
380
930
1914
823
1307
556
1307
823
1915
823
1914
930
1309
1917
722
2535
722
1918
419
1310
419
1931
2172
1932
723
1932
2172
1931
2677
1931
419
1918
722
1917
1309
2363
1335
1334
437
134
1916
134
437
1334
1949
1937
557
1936
2221
1936
725
1947
725
1936
557
1311
1329
824
1332
2596
1332
824
1935
1222
2173
436
2521
1927
547
1928
1926
352
1926
936
1220
697
1924
697
1220
936
1926
1928
698
820
77
820
975
917
2407
176
2407
917
300
74
1236
184
1236
1907
351
1262
351
1235
548
1251
1243
1939
2408
132
2408
1939
2148
700
1938
2631
2687
173
2687
2631
1938
